                  objname |   logd25 |  al2000*15. |     de2000 |     t |  type |     vvir |
  UGC00017                |     1.39 |   0.9301335 |   15.21818 |   9.1 | Sm    |      932 |
  NGC0010                 |     1.37 |    2.144172 |  -33.85782 |   4.1 | Sbc   |     6628 |
  UGC00099                |     1.40 |   2.6697855 |   13.70944 |   8.8 | Sm    |     1785 |
  NGC0036                 |     1.33 |    2.842959 |    6.38922 |   3.0 | SABb  |     6039 |
  ESO150-005              |     1.37 |    5.609493 |  -53.64788 |   7.8 | SABd  |     1192 |
  NGC0173                 |     1.32 |    9.301959 |    1.94225 |   4.8 | Sc    |     4342 |
  NGC0171                 |     1.31 |     9.33972 |  -19.93427 |   2.2 | Sab   |     3756 |
  NGC0180                 |     1.34 |   9.4903755 |    8.63522 |   4.6 | Sc    |     5289 |
  NGC0193                 |     1.32 |   9.8273745 |    3.33133 |  -3.0 | E-SO  |     4378 |
  NGC0238                 |     1.30 |   10.857291 |  -50.18278 |   2.9 | SBb   |     8374 |
  NGC0254                 |     1.44 |   11.866527 |  -31.42211 |  -1.2 | S0-a  |     1448 |
  NGC0255                 |     1.31 |  11.9470935 |  -11.46873 |   4.1 | Sbc   |     1505 |
  NGC0266                 |     1.47 |   12.449091 |   32.27769 |   1.6 | Sab   |     4785 |
  NGC0278                 |     1.37 |  13.0179165 |   47.55053 |   3.0 | SABb  |      823 |
  NGC0309                 |     1.35 |   14.177733 |   -9.91389 |   5.0 | SABc  |     5568 |
  NGC0315                 |     1.46 |   14.453667 |   30.35393 |  -4.1 | E     |     5085 |
  NGC0337                 |     1.47 |   14.958675 |   -7.57818 |   6.7 | SBcd  |     1572 |
  NGC0337A                |     1.42 |   15.391296 |   -7.58816 |   8.0 | SABd  |     1004 |
  NGC0357                 |     1.32 |   15.841176 |   -6.33881 |  -0.2 | S0-a  |     2330 |
  UGC00655                |     1.40 |  16.0060005 |   41.84174 |   8.8 | Sm    |      985 |
  NGC0383                 |     1.38 |   16.853778 |   32.41266 |  -2.9 | E-SO  |     5173 |
  IC1633                  |     1.46 |  17.4816765 |  -45.93124 |  -3.9 | E     |     7032 |
  NGC0428                 |     1.45 |   18.231813 |    0.98168 |   8.6 | SABm  |     1116 |
  NGC0450                 |     1.47 |   18.876795 |   -0.86092 |   5.8 | SABc  |     1724 |
  NGC0447                 |     1.34 |   18.906666 |   33.06764 |   0.2 | S0-a  |     5710 |
  IC0089                  |     1.31 |  19.0150485 |    4.29399 |  -2.0 | S0    |     5437 |
  NGC0470                 |     1.46 |  19.9368615 |    3.40987 |   3.1 | Sb    |     2344 |
  NGC0474                 |     1.42 |  20.0277855 |    3.41534 |  -2.0 | S0    |     2342 |
  NGC0521                 |     1.44 |   21.140871 |    1.73125 |   4.0 | Sbc   |     4986 |
  NGC0529                 |     1.35 |  21.4179165 |   34.71292 |  -3.2 | E-SO  |     4917 |
  ESO013-016              |     1.33 |   23.198973 |  -79.47365 |   7.5 | SBd   |     1478 |
  NGC0596                 |     1.33 |   23.216523 |   -7.03169 |  -4.3 | E     |     1818 |
  NGC0600                 |     1.42 |  23.2719765 |   -7.31149 |   7.0 | Scd   |     1756 |
  NGC0636                 |     1.43 |   24.777258 |   -7.51259 |  -4.9 | E     |     1766 |
  PGC006667               |     1.44 |  27.2931285 |  -10.06112 |   6.6 | Scd   |     1889 |
  NGC0681                 |     1.39 |  27.2951265 |  -10.42655 |   2.0 | SABa  |     1643 |
  NGC0691                 |     1.43 |   27.673833 |   21.75989 |   4.0 | Sbc   |     2717 |
  ESO245-007              |     1.38 |  27.7760655 |  -44.44474 |   9.5 | Sm    |     -290 |
  NGC0718                 |     1.44 |  28.3054245 |    4.19573 |   1.0 | Sa    |     1690 |
  IC0171                  |     1.35 |   28.792542 |   35.28194 |  -1.2 | S0-a  |     5475 |
  NGC0749                 |     1.32 |   28.921632 |  -29.92246 |   0.4 | S0-a  |     4176 |
  NGC0741                 |     1.45 |  29.0875215 |    5.62877 |  -4.8 | E     |     5534 |
  NGC0782                 |     1.39 |  29.4099225 |  -57.79008 |   3.0 | SBb   |     5814 |
  NGC0765                 |     1.42 |  29.7001665 |   24.89224 |   3.9 | SABb  |     5187 |
  UGC01547                |     1.30 |    30.83445 |   22.04090 |   9.9 | I     |     2696 |
  UGC01551                |     1.42 |   30.906438 |   24.07539 |   6.1 | SBc   |     2731 |
  NGC0821                 |     1.39 |   32.087982 |   10.99501 |  -4.8 | E     |     1748 |
  NGC0828                 |     1.46 |   32.540112 |   39.19031 |   1.1 | Sa    |     5475 |
  NGC0881                 |     1.36 |   34.688718 |   -6.63914 |   5.0 | SABc  |     5160 |
  NGC0897                 |     1.30 |   35.276529 |  -33.72067 |   1.1 | Sa    |     4549 |
  UGC01865                |     1.45 |     36.2508 |   36.03790 |   8.8 | SABm  |      688 |
  NGC0922                 |     1.32 |  36.2680815 |  -24.78824 |   6.0 | SBc   |     2913 |
  NGC0930                 |     1.30 |  36.9778335 |   20.33264 |   1.0 | Sa    |     4115 |
  IC0227                  |     1.30 |   37.015041 |   28.17533 |  -4.9 | E     |    10368 |
  NGC0947                 |     1.33 |   37.138101 |  -19.04222 |   5.1 | SABc  |     4796 |
  NGC0945                 |     1.31 |  37.1555175 |  -10.53919 |   4.8 | SBc   |     4367 |
  IC1812                  |     1.32 |  37.3824465 |  -42.81135 |  -3.8 | E     |     5002 |
  ESO246-021              |     1.39 |   37.616244 |  -43.02690 |   3.0 | SBb   |     5303 |
  UGC02023                |     1.41 |    38.32545 |   33.49050 |   9.9 | I     |      705 |
  NGC1022                 |     1.42 |   39.636294 |   -6.67742 |   1.1 | SBa   |     1363 |
  IC1826                  |     1.31 |  39.7647585 |  -27.44316 |  -0.6 | S0-a  |     1209 |
  NGC1060                 |     1.37 |  40.8127215 |   32.42494 |  -3.0 | E-SO  |     5283 |
  NGC1070                 |     1.37 |    40.84275 |    4.96844 |   3.0 | Sb    |     4044 |
  NGC1058                 |     1.39 |   40.875495 |   37.34110 |   5.1 | Sc    |      634 |
  NGC1087                 |     1.47 |   41.604879 |   -0.49868 |   5.2 | SABc  |     1450 |
  NGC1085                 |     1.31 |   41.605416 |    3.60717 |   3.6 | Sbc   |     6738 |
  IC0262                  |     1.32 |  42.9303015 |   42.82846 |  -2.0 | S0    |     5552 |
  UGC02345                |     1.45 |   42.969534 |   -1.17278 |   8.8 | Sm    |     1436 |
  UGC02435                |     1.30 |   44.514129 |   35.25771 |   5.9 | SABc  |     4954 |
  NGC1156                 |     1.47 |  44.9270595 |   25.23890 |   9.8 | IB    |      428 |
  NGC1161                 |     1.43 |   45.308913 |   44.89710 |  -2.0 | S0    |     2112 |
  IC0278                  |     1.34 |   45.376833 |   37.76606 |  -5.0 | E     |     5044 |
  NGC1172                 |     1.36 |   45.400125 |  -14.83661 |  -3.8 | E     |     1390 |
  NGC1199                 |     1.45 |  45.9104265 |  -15.61384 |  -4.8 | E     |     2534 |
  NGC1241                 |     1.43 |  47.8109835 |   -8.92211 |   3.1 | SBb   |     3908 |
  PGC012068               |     1.31 |   48.659604 |   -4.77388 |  10.0 | IB    |     2119 |
  UGC02623                |     1.32 |   49.119519 |   35.06554 |   6.5 | Scd   |     4525 |
  NGC1288                 |     1.37 |  49.3049385 |  -32.57585 |   4.5 | SABb  |     4319 |
  NGC1297                 |     1.38 |   49.809237 |  -19.10012 |  -2.5 | E-SO  |     1413 |
  NGC1275                 |     1.33 |  49.9510875 |   41.51155 |  -2.2 | S0    |     5393 |
  NGC1310                 |     1.32 |   50.264217 |  -37.10168 |   5.0 | Sc    |     1566 |
  PGC012625               |     1.42 |     50.5239 |  -37.58670 |  10.0 | IB    |     1392 |
  NGC1309                 |     1.38 |  50.5274445 |  -15.40002 |   3.9 | Sbc   |     1986 |
  PGC012664               |     1.31 |  50.7298575 |  -11.20345 |   6.7 | Scd   |     2677 |
  NGC1326A                |     1.32 |   51.286731 |  -36.36308 |   8.9 | Sm    |     1602 |
  IC1933                  |     1.36 |   51.416166 |  -52.78547 |   6.2 | Sc    |      790 |
  UGC02729                |     1.41 |   51.735375 |   68.58119 |   5.0 | Sc    |     2166 |
  IC1954                  |     1.48 |  52.8807915 |  -51.90486 |   3.2 | Sb    |      792 |
  IC1953                  |     1.35 |  53.4244995 |  -21.47861 |   6.2 | Sc    |     1686 |
  NGC1374                 |     1.46 |   53.819085 |  -35.22633 |  -4.5 | E     |     1066 |
  NGC1379                 |     1.43 |   54.015945 |  -35.44116 |  -4.8 | E     |     1095 |
  NGC1369                 |     1.35 |  54.1884135 |  -36.25615 |   0.1 | S0-a  |     1186 |
  PGC013417               |     1.34 |   54.609603 |   -4.30755 |   8.7 | Sm    |     3968 |
  NGC1411                 |     1.39 |    54.68712 |  -44.10072 |  -3.0 | E-SO  |      756 |
  NGC1400                 |     1.45 |   54.878538 |  -18.68815 |  -3.7 | E     |      424 |
  NGC1427A                |     1.35 |   55.038822 |  -35.62451 |   9.9 | IB    |     1796 |
  NGC1436                 |     1.47 |   55.904355 |  -35.85304 |   2.0 | Sab   |     1158 |
  NGC1439                 |     1.47 |   56.208309 |  -21.92072 |  -4.8 | E     |     1487 |
  NGC1440                 |     1.42 |   56.262084 |  -18.26603 |  -2.0 | S0    |     1432 |
  PGC166077               |     1.40 |  56.3038965 |   67.86466 |  10.0 | I     |      166 |
  IC0334                  |     1.37 |   56.321178 |   76.63835 |   0.1 | S?    |     2808 |
  NGC1452                 |     1.38 |   56.342733 |  -18.63356 |   0.4 | S0-a  |     1587 |
  IC1993                  |     1.45 |   56.770005 |  -33.70975 |   3.0 | SABb  |      852 |
  ESO549-018              |     1.40 |  57.0586665 |  -21.47447 |   4.8 | SABc  |     1397 |
  IC2051                  |     1.46 |  58.0017405 |  -83.83126 |   4.1 | SBbc  |     1437 |
  IC2006                  |     1.37 |   58.618653 |  -35.96720 |  -4.2 | E     |     1137 |
  NGC1487                 |     1.43 |   58.941981 |  -42.36715 |   7.2 | Scd   |      603 |
  UGC02906                |     1.43 |  60.2544165 |   74.08389 |   3.0 | Sb    |     2742 |
  PGC015131               |     1.35 |   66.808641 |  -62.79515 |  -2.0 | S0    |       -  |
  NGC1640                 |     1.43 |  70.5605985 |  -20.43474 |   3.0 | Sb    |     1424 |
  NGC1688                 |     1.39 |  72.0994695 |  -59.80036 |   6.2 | SBc   |      940 |
  ESO421-019              |     1.39 |  72.2939865 |  -29.20640 |   9.0 | SABm  |     1263 |
  NGC1703                 |     1.43 |    73.21725 |  -59.74219 |   3.2 | SBb   |     1238 |
  ESO485-021              |     1.35 |  73.2207195 |  -25.24578 |   8.2 | Sd    |     1173 |
  IC0396                  |     1.38 |  74.4955335 |   68.32351 |   5.0 | Sc    |     1117 |
  ESO305-009              |     1.47 |   77.028312 |  -38.31203 |   8.0 | SBd   |      778 |
  ESO422-041              |     1.40 |   77.695734 |  -31.59716 |   8.5 | SABd  |      754 |
  PGC016894               |     1.44 |  77.9203185 |  -14.78948 |   5.5 | SABc  |     1823 |
  NGC1879                 |     1.38 |   79.951629 |  -32.14358 |   8.6 | SBm   |     1018 |
  PGC017323               |     1.35 |  82.0588065 |  -16.12434 |   6.0 | Sc    |     2012 |
  IC0421                  |     1.47 |     83.0355 |   -7.91817 |   4.0 | Sbc   |     3423 |
  ESO363-015              |     1.42 |   85.253865 |  -35.70840 |   7.0 | Scd   |     1041 |
  NGC2082                 |     1.31 |  85.4629995 |  -64.30108 |   3.1 | SBb   |      902 |
  PGC017978               |     1.39 |   87.727209 |  -14.78007 |   7.1 | Scd   |      747 |
  IC0438                  |     1.45 |   88.250367 |  -17.87601 |   5.0 | SABc  |     2955 |
  UGC03374                |     1.35 |  88.7232495 |   46.43936 |   3.6 | SBbc  |     6283 |
  NGC2139                 |     1.47 |  90.2833005 |  -23.67241 |   5.9 | Sc    |     1648 |
  NGC2187                 |     1.43 |  90.9684585 |  -69.57743 |  -4.0 | E     |     4100 |
  NGC2196                 |     1.44 |  93.0403395 |  -21.80594 |   1.2 | Sa    |     2144 |
  ESO556-015              |     1.42 |  95.2732275 |  -20.04836 |   2.2 | SBab  |     1808 |
  ESO121-026              |     1.38 |   95.411976 |  -59.74000 |   3.9 | SBbc  |     1981 |
  NGC2223                 |     1.45 |  96.1494885 |  -22.83826 |   3.8 | Sbc   |     2534 |
  NGC2227                 |     1.36 |     96.4917 |  -22.00479 |   5.2 | Sc    |     2075 |
  NGC2263                 |     1.46 |   99.619932 |  -24.84855 |   2.2 | SBab  |     2550 |
  NGC2273A                |     1.30 |  100.029333 |   60.08064 |   5.9 | SABc  |     2307 |
  NGC2272                 |     1.34 | 100.6721595 |  -27.45949 |  -3.0 | E-SO  |     1917 |
  NGC2283                 |     1.44 | 101.4715215 |  -18.21190 |   5.9 | Sc    |      677 |
  NGC2256                 |     1.34 | 101.8081665 |   74.23650 |  -3.2 | E-SO  |     5317 |
  NGC2273                 |     1.36 |  102.536637 |   60.84593 |   0.9 | Sa    |     2057 |
  IC0456                  |     1.37 | 105.0730275 |  -30.16371 |  -1.8 | S0    |     1520 |
  NGC2326                 |     1.31 |   107.04576 |   50.68200 |   3.1 | Sb    |     6156 |
  NGC2339                 |     1.38 | 107.0855835 |   18.78028 |   4.0 | Sbc   |     2276 |
  PGC020274               |     1.31 |  107.394822 |   -5.43001 |   9.8 | IAB   |     1607 |
  NGC2337                 |     1.34 |  107.556567 |   44.45731 |   9.8 | IB    |      582 |
  ESO492-002              |     1.32 |  107.918253 |  -26.70501 |   3.1 | Sb    |     2398 |
  NGC2344                 |     1.31 | 108.1193745 |   47.16688 |   4.4 | SABb  |     1126 |
  PGC020635               |     1.32 | 109.6528155 |  -57.41195 |   9.9 | IB    |      868 |
  NGC2369A                |     1.30 |  109.681368 |  -62.93623 |   4.0 | SABb  |     2926 |
  ESO428-023              |     1.36 |  110.539347 |  -29.23542 |   2.1 | SBab  |     2825 |
  NGC2380                 |     1.40 |    110.9775 |  -27.52910 |  -2.1 | S0    |     1587 |
  NGC2276                 |     1.35 |  111.804396 |   85.75139 |   5.4 | SABc  |     2693 |
  NGC2417                 |     1.39 | 112.5504855 |  -62.25258 |   4.0 | SBbc  |     2918 |
  PGC021302               |     1.47 |  113.547516 |   66.88399 |  10.0 | I     |      446 |
  NGC2434                 |     1.43 |  113.713341 |  -69.28421 |  -4.8 | E     |     1160 |
  NGC2500                 |     1.39 |    120.4716 |   50.73723 |   7.0 | Scd   |      678 |
  NGC2537                 |     1.31 | 123.3109785 |   45.98963 |   8.7 | SBm   |      614 |
  NGC2523                 |     1.45 |  123.750291 |   73.57894 |   4.0 | Sbc   |     3702 |
  ESO431-002              |     1.37 |  124.430268 |  -30.13042 |   5.0 | SBc   |     1463 |
  NGC2554                 |     1.31 |   124.47273 |   23.47230 |  -0.1 | S0-a  |     4187 |
  IC2311                  |     1.33 |  124.691703 |  -25.36959 |  -4.8 | E     |     1670 |
  UGC04262                |     1.30 | 124.7615835 |   83.26636 |   3.0 | Sb    |     5973 |
  NGC2563                 |     1.31 | 125.1487455 |   21.06785 |  -2.2 | S0    |     4556 |
  PGC023723               |     1.37 | 126.8920275 |  -12.75659 |   5.7 | Sc    |     2678 |
  NGC2614                 |     1.31 | 130.6996665 |   72.97644 |   5.2 | Sc    |     3713 |
  ESO563-017              |     1.32 | 131.1291465 |  -20.35039 |   1.4 | Sa    |     3310 |
  ESO371-016              |     1.40 | 131.7725985 |  -33.76426 |   0.2 | S0-a  |     2055 |
  NGC2633                 |     1.36 | 132.0193335 |   74.09878 |   3.0 | Sb    |     2426 |
  PGC166095               |     1.38 | 133.2113475 |   33.79774 |  10.0 | I     |      580 |
  IC0520                  |     1.32 |  133.426125 |   73.49092 |   1.7 | SABa  |     3744 |
  NGC2717                 |     1.31 |  134.254629 |  -24.67364 |  -3.0 | E-SO  |     2475 |
  NGC2750                 |     1.31 | 136.4491665 |   25.43694 |   5.3 | SABc  |     2761 |
  NGC2763                 |     1.39 | 136.7042445 |  -15.49969 |   5.7 | SBc   |     1772 |
  UGC04797                |     1.32 |  137.044167 |    5.92750 |   8.8 | Sm    |     1293 |
  ESO372-008              |     1.35 |  137.515572 |  -33.15417 |   9.0 | SBm   |     1340 |
  ESO091-003              |     1.38 |  138.381876 |  -63.62631 |   2.3 | Sab   |     1635 |
  ESO433-010              |     1.32 |  138.769986 |  -28.26315 |   4.9 | SABc  |     1950 |
  NGC2842                 |     1.35 |  138.901917 |  -63.06961 |   0.0 | S0-a  |     2594 |
  UGC04879                |     1.32 |  139.011375 |   52.84101 |   9.9 | I     |      163 |
  NGC2848                 |     1.43 |  140.041332 |  -16.52578 |   5.1 | SABc  |     1922 |
  PGC026429               |     1.41 | 140.1629445 |  -12.60363 |  10.0 | IAB   |     1802 |
  NGC2865                 |     1.39 |  140.875731 |  -23.16161 |  -4.2 | E     |     2575 |
  ESO373-005              |     1.38 |  142.724709 |  -35.68842 |   5.0 | SABc  |     2202 |
  NGC2907                 |     1.45 |  142.902642 |  -16.73466 |   1.0 | Sa    |     1954 |
  PGC027130               |     1.37 |  143.313771 |  -16.76778 |   3.0 | Sb    |     1993 |
  NGC2916                 |     1.38 | 143.7399585 |   21.70524 |   3.1 | Sb    |     3788 |
  NGC2924                 |     1.31 |  143.795142 |  -16.39824 |  -4.3 | E     |     4473 |
  NGC2967                 |     1.33 | 145.5139215 |    0.33647 |   5.2 | Sc    |     1861 |
  NGC2964                 |     1.47 | 145.7268585 |   31.84703 |   4.1 | Sbc   |     1440 |
  NGC2979                 |     1.31 |  145.785924 |  -10.38323 |   0.9 | SABa  |     2587 |
  NGC2968                 |     1.39 |  145.800003 |   31.92872 |   1.2 | Sa    |     1661 |
  ESO373-020              |     1.31 | 145.9061985 |  -32.74112 |   9.9 | IAB   |      731 |
  PGC3097827              |     1.34 | 146.1962505 |   67.43861 |  -3.0 | E-SO  |      124 |
  ESO434-033              |     1.32 |  146.200818 |  -31.82563 |   8.9 | Sm    |     1080 |
  NGC3020                 |     1.37 | 147.5276595 |   12.81335 |   5.9 | Sc    |     1476 |
  PGC166101               |     1.38 |   147.55449 |   67.50918 |  -3.0 | E-SO  |       -  |
  NGC3038                 |     1.45 | 147.8144595 |  -32.75254 |   2.8 | Sb    |     2609 |
  NGC3052                 |     1.33 |  148.617081 |  -18.63918 |   5.0 | SABc  |     3661 |
  NGC3049                 |     1.32 |  148.706865 |    9.27136 |   2.5 | SBb   |     1495 |
  IC2522                  |     1.36 | 148.7873775 |  -33.13712 |   5.1 | Sc    |     2839 |
  UGC05336                |     1.40 |  149.383188 |   69.04596 |   9.9 | I     |      308 |
  NGC3087                 |     1.36 | 149.7861645 |  -34.22518 |  -4.3 | E     |     2456 |
  ESO499-032              |     1.32 |  149.868369 |  -26.86395 |   1.0 | Sa    |     2294 |
  NGC3081                 |     1.43 |  149.872956 |  -22.82636 |   0.0 | S0-a  |     2229 |
  IC2533                  |     1.31 |  150.132036 |  -31.24492 |  -3.1 | E-SO  |     2272 |
  NGC3108                 |     1.40 |  150.621042 |  -31.67747 |  -1.1 | S0-a  |     2499 |
  ESO092-006              |     1.36 | 150.8277495 |  -64.96747 |   3.4 | SBb   |     1937 |
  IC2537                  |     1.42 |  150.966183 |  -27.57078 |   5.0 | Sc    |     2635 |
  NGC3104                 |     1.48 |   150.98796 |   40.75575 |   9.9 | IAB   |      770 |
  NGC3124                 |     1.43 | 151.6661205 |  -19.22155 |   4.0 | Sbc   |     3445 |
  IC2548                  |     1.34 | 151.9790835 |  -35.22960 |   3.5 | SBbc  |     4227 |
  IKN                     |     1.43 |  152.024775 |   68.39926 |  -3.0 | E-SO  |      115 |
  ESO316-032              |     1.32 |  152.272833 |  -38.40968 |   0.2 | S0-a  |     4726 |
  NGC3162                 |     1.32 | 153.3815415 |   22.73756 |   4.6 | SABc  |     1391 |
  NGC3158                 |     1.36 |  153.460557 |   38.76497 |  -4.8 | E     |     7082 |
  NGC3193                 |     1.37 | 154.6036815 |   21.89400 |  -4.8 | E     |     1458 |
  NGC3183                 |     1.35 | 155.4540195 |   74.17699 |   3.8 | SBbc  |     3359 |
  UGC05612                |     1.42 |   156.02775 |   70.88220 |   8.0 | Sd    |     1273 |
  NGC3241                 |     1.36 |  156.070812 |  -32.48269 |   2.4 | SABa  |     2788 |
  UGC05633                |     1.34 |  156.166911 |   14.75650 |   8.0 | SBd   |     1442 |
  NGC3244                 |     1.34 | 156.3701535 |  -39.82750 |   5.7 | Sc    |     2564 |
  IC2580                  |     1.31 |  157.075218 |  -31.51806 |   4.6 | Sc    |     2974 |
  NGC3258                 |     1.47 | 157.2233205 |  -35.60538 |  -4.3 | E     |     2623 |
  NGC3275                 |     1.45 |  157.715886 |  -36.73694 |   1.9 | Sab   |     3015 |
  NGC3283                 |     1.46 | 157.7983365 |  -46.25130 |  -2.0 | S0    |     2631 |
  NGC3277                 |     1.32 |  158.231127 |   28.51167 |   1.9 | Sab   |     1537 |
  ESO436-046              |     1.35 | 158.7107325 |  -28.58290 |   4.1 | Sbc   |     3280 |
  ESO501-023              |     1.47 | 158.8466745 |  -24.75406 |   8.0 | Sd    |      912 |
  ESO375-071              |     1.40 |  159.039687 |  -37.23946 |  10.0 | IB    |      775 |
  NGC3311                 |     1.42 |  159.178254 |  -27.52788 |  -3.3 | E-SO  |     3694 |
  IC0630                  |     1.33 |   159.64041 |   -7.17052 |  -1.8 | S0    |     2132 |
  PGC031952               |     1.46 |   160.80435 |  -53.98820 |   5.0 | Sc    |       -  |
  NGC3346                 |     1.42 | 160.9120575 |   14.87179 |   5.9 | SBc   |     1319 |
  NGC3367                 |     1.46 |  161.645784 |   13.75058 |   5.2 | Sc    |     3098 |
  NGC3370                 |     1.39 |  161.766792 |   17.27369 |   5.1 | Sc    |     1357 |
  NGC3348                 |     1.33 | 161.7916245 |   72.83967 |  -4.8 | E     |     3095 |
  NGC3450                 |     1.42 | 162.0151155 |  -20.84917 |   3.1 | Sb    |     3919 |
  NGC3381                 |     1.30 | 162.1034055 |   34.71140 |   3.2 | SBb   |     1782 |
  UGC05918                |     1.39 |  162.404745 |   65.53049 |   9.8 | I     |      594 |
  NGC3433                 |     1.40 | 163.0161345 |   10.14823 |   5.3 | Sc    |     2757 |
  NGC3455                 |     1.36 |  163.629486 |   17.28472 |   3.1 | SABb  |     1184 |
  NGC3464                 |     1.38 | 163.6672515 |  -21.06671 |   4.9 | Sc    |     3630 |
  NGC3485                 |     1.34 | 165.0099795 |   14.84132 |   3.1 | Sb    |     1502 |
  NGC3504                 |     1.39 |  165.796359 |   27.97246 |   2.1 | Sab   |     1669 |
  NGC3507                 |     1.47 |  165.855753 |   18.13599 |   3.1 | SBb   |     1061 |
  IC2627                  |     1.38 |  167.472408 |  -23.72596 |   4.6 | SABc  |     1974 |
  ESO215-031              |     1.36 | 167.6452395 |  -49.10249 |   2.9 | SBb   |     2510 |
  NGC3583                 |     1.35 |  168.545475 |   48.31844 |   3.1 | SBb   |     2244 |
  NGC3599                 |     1.38 | 168.8624745 |   18.11033 |  -2.0 | S0    |      927 |
  ESO215-037              |     1.34 | 168.8982435 |  -48.76028 |   5.0 | Sc    |     5392 |
  ESO438-017              |     1.33 | 169.3237245 |  -27.82251 |   4.9 | Sc    |     1120 |
  ESO319-011              |     1.40 | 169.4725995 |  -40.59354 |   5.8 | SBc   |     2925 |
  NGC3614                 |     1.40 |  169.588932 |   45.74824 |   5.2 | SABc  |     2535 |
  NGC3610                 |     1.38 |  169.605291 |   58.78622 |  -4.0 | E     |     1976 |
  NGC3626                 |     1.47 | 170.0157285 |   18.35704 |  -0.9 | S0-a  |     1572 |
  NGC3637                 |     1.39 | 170.1648435 |  -10.25724 |  -1.9 | S0    |     1770 |
  NGC3660                 |     1.41 | 170.8846035 |   -8.65852 |   3.9 | Sbc   |     3641 |
  NGC3667                 |     1.32 |  171.070959 |  -13.85722 |   2.0 | Sab   |     5288 |
  NGC3672                 |     1.46 | 171.2602935 |   -9.79533 |   5.0 | Sc    |     1824 |
  UGC06429                |     1.37 |  171.329292 |   63.72928 |   5.3 | Sc    |     3982 |
  NGC3684                 |     1.36 | 171.7966485 |   17.03018 |   4.0 | Sbc   |     1248 |
  NGC3682                 |     1.35 | 171.9216255 |   66.58978 |  -0.1 | S0-a  |     1794 |
  NGC3686                 |     1.46 | 171.9330195 |   17.22409 |   4.1 | SBbc  |     1247 |
  NGC3690                 |     1.38 | 172.1400705 |   58.56301 |   8.8 | SBm   |     3376 |
  NGC3683A                |     1.31 |  172.298862 |   57.13228 |   5.1 | SBc   |     2649 |
  NGC3729                 |     1.46 |  173.455374 |   53.12568 |   1.2 | Sa    |     1251 |
  NGC3742                 |     1.42 |  173.885385 |  -37.95637 |   2.0 | Sab   |     2552 |
  NGC3738                 |     1.35 | 173.9496945 |   54.52507 |   9.8 | I     |      461 |
  NGC3795A                |     1.31 | 174.8372175 |   58.26821 |   6.4 | Sc    |     1396 |
  NGC3780                 |     1.42 |  174.843198 |   56.27075 |   5.2 | Sc    |     2633 |
  UGC06628                |     1.34 | 175.0278105 |   45.94292 |   8.8 | SABm  |     1061 |
  PGC036217               |     1.32 |  175.144188 |  -10.08583 |   5.9 | Sc    |     1700 |
  NGC3794                 |     1.31 |  175.225149 |   56.20218 |   6.3 | SABc  |     1624 |
  NGC3811                 |     1.31 |  175.319352 |   47.69084 |   5.8 | SBc   |     3374 |
  NGC3813                 |     1.33 | 175.3277085 |   36.54669 |   3.3 | Sb    |     1644 |
  NGC3893                 |     1.43 | 177.1591125 |   48.71077 |   5.2 | SABc  |     1191 |
  ESO440-011              |     1.42 | 177.1902765 |  -28.29342 |   6.9 | Scd   |     1818 |
  NGC3921                 |     1.30 |  177.778614 |   55.07871 |   0.1 | S0-a  |     6085 |
  NGC3930                 |     1.43 |  177.941223 |   38.01498 |   5.2 | SABc  |     1107 |
  NGC3949                 |     1.35 | 178.4238435 |   47.85883 |   4.0 | Sbc   |     1020 |
  NGC3963                 |     1.40 |  178.744602 |   58.49356 |   4.0 | Sbc   |     3434 |
  UGC06903                |     1.33 |  178.903896 |    1.23723 |   5.9 | Sc    |     1910 |
  NGC3982                 |     1.33 |  179.117283 |   55.12493 |   3.2 | SABb  |     1354 |
  NGC3998                 |     1.44 |     179.484 |   55.45356 |  -2.1 | S0    |     1287 |
  ESO321-001              |     1.31 |  179.579031 |  -39.55054 |   5.9 | Sc    |     3546 |
  UGC06956                |     1.31 |   179.60664 |   50.91703 |   8.8 | SBm   |     1147 |
  IC0749                  |     1.33 |  179.641839 |   42.73403 |   5.9 | Sc    |     1018 |
  NGC4037                 |     1.38 |  180.348828 |   13.40083 |   2.9 | Sb    |     1013 |
  NGC4041                 |     1.41 | 180.5508345 |   62.13727 |   4.0 | Sbc   |     1473 |
  NGC4045                 |     1.41 |  180.676164 |    1.97670 |   1.3 | SABa  |     1997 |
  NGC4073                 |     1.32 | 181.1128155 |    1.89593 |  -4.1 | E     |     5941 |
  NGC4087                 |     1.30 |  181.397169 |  -26.52262 |  -2.9 | E-SO  |     3219 |
  NGC4102                 |     1.47 |  181.597764 |   52.71097 |   3.1 | SABb  |     1085 |
  IC3010                  |     1.32 | 181.9888575 |  -30.33934 |  -1.1 | S0-a  |     1874 |
  NGC4136                 |     1.37 |  182.323779 |   29.92767 |   5.2 | Sc    |      768 |
  NGC4151                 |     1.46 | 182.6360025 |   39.40579 |   2.0 | SABa  |     1185 |
  NGC4162                 |     1.36 |  182.968656 |   24.12374 |   4.0 | Sbc   |     2706 |
  NGC4168                 |     1.47 |  183.071991 |   13.20515 |  -4.8 | E     |     2361 |
  IC0769                  |     1.34 | 183.1347015 |   12.12353 |   4.0 | Sbc   |     2291 |
  NGC4189                 |     1.34 |     183.447 |   13.42476 |   6.0 | Sc    |     2197 |
  ESO380-001              |     1.33 | 183.6880425 |  -35.50974 |   3.0 | Sb    |     2545 |
  NGC4212                 |     1.45 | 183.9139635 |   13.90135 |   4.9 | Sc    |        6 |
  IC3102                  |     1.31 |  184.357404 |    6.68993 |  -0.9 | S0-a  |     2284 |
  NGC4245                 |     1.41 |   184.40316 |   29.60793 |   0.1 | S0-a  |     1033 |
  NGC4267                 |     1.41 |  184.938873 |   12.79842 |  -2.7 | E-SO  |     1071 |
  NGC4273                 |     1.34 | 184.9833945 |    5.34385 |   5.2 | Sc    |     2434 |
  NGC4278                 |     1.46 |  185.028309 |   29.28064 |  -4.8 | E     |      788 |
  NGC4290                 |     1.34 | 185.1980205 |   58.09245 |   2.5 | Sb    |     3286 |
  NGC4298                 |     1.40 | 185.3866875 |   14.60608 |   5.2 | Sc    |     1236 |
  NGC4304                 |     1.40 |  185.552994 |  -33.48443 |   4.0 | Sbc   |     2489 |
  NGC4339                 |     1.37 | 185.8955835 |    6.08169 |  -4.7 | E     |     1351 |
  NGC4340                 |     1.45 | 185.8970985 |   16.72246 |  -1.2 | S0-a  |     1057 |
  IC3290                  |     1.35 | 186.2874765 |  -39.77550 |  -0.1 | S0-a  |     3157 |
  NGC4378                 |     1.32 | 186.3253545 |    4.92514 |   1.0 | Sa    |     2610 |
  NGC4389                 |     1.40 |  186.394542 |   45.68510 |   4.1 | SBbc  |      936 |
  NGC4393                 |     1.47 | 186.4633755 |   27.56092 |   6.7 | Scd   |      903 |
  UGC07534                |     1.40 |  186.533175 |   58.32180 |   9.9 | I     |      979 |
  NGC4413                 |     1.32 |   186.63423 |   12.61059 |   2.0 | Sab   |      185 |
  NGC4421                 |     1.41 |  186.760671 |   15.46140 |  -0.3 | S0-a  |     1654 |
  UGC07557                |     1.44 | 186.7970835 |    7.26250 |   8.8 | SABm  |      997 |
  NGC4430                 |     1.31 | 186.8598885 |    6.26282 |   3.4 | Sb    |     1507 |
  NGC4444                 |     1.36 |  187.151625 |  -43.26175 |   4.3 | SABb  |     2742 |
  NGC4454                 |     1.34 |  187.211358 |   -1.93912 |   0.0 | S0-a  |     2350 |
  NGC4457                 |     1.45 | 187.2458745 |    3.57058 |   0.4 | S0-a  |      932 |
  NGC4474                 |     1.37 | 187.4731215 |   14.06862 |  -1.9 | S0    |    65179 |
  NGC4485                 |     1.30 |  187.630305 |   41.70094 |   9.7 | I     |      693 |
  NGC4492                 |     1.32 | 187.7488545 |    8.07769 |   1.0 | Sa    |     1821 |
  NGC4498                 |     1.46 |  187.912782 |   16.85386 |   6.4 | Sc    |     1616 |
  NGC4513                 |     1.31 | 188.0062935 |   66.33260 |  -2.0 | S0    |     2570 |
  NGC4499                 |     1.30 | 188.0205435 |  -39.98251 |   3.9 | SBbc  |     3195 |
  NGC4519                 |     1.37 |  188.376141 |    8.65445 |   6.9 | Scd   |     1297 |
  NGC4545                 |     1.39 |  188.642313 |   63.52504 |   5.6 | Sc    |     2923 |
  NGC4540                 |     1.34 | 188.7117225 |   15.55109 |   6.2 | SABc  |     1392 |
  NGC4567                 |     1.44 | 189.1362555 |   11.25782 |   4.0 | Sbc   |     2338 |
  IC3576                  |     1.36 |  189.157503 |    6.62164 |   8.6 | SBm   |     1138 |
  NGC4589                 |     1.47 |  189.354291 |   74.19186 |  -4.8 | E     |     2283 |
  NGC4578                 |     1.40 |   189.37725 |    9.55511 |  -2.0 | S0    |     2352 |
  NGC4573                 |     1.40 | 189.4322385 |  -43.62082 |  -0.1 | S0-a  |     2793 |
  NGC4575                 |     1.31 |  189.463275 |  -40.53733 |   4.0 | SBbc  |     2820 |
  NGC4593                 |     1.38 |  189.914322 |   -5.34417 |   3.0 | Sb    |     2473 |
  NGC4603                 |     1.42 |  190.229934 |  -40.97630 |   5.0 | SABc  |     2430 |
  NGC4608                 |     1.46 |  190.305333 |   10.15578 |  -1.9 | S0    |     1924 |
  NGC4612                 |     1.41 |  190.386417 |    7.31485 |  -2.0 | S0    |     1862 |
  NGC4639                 |     1.46 | 190.7183205 |   13.25704 |   3.5 | Sbc   |     1088 |
  NGC4643                 |     1.35 |  190.833873 |    1.97828 |  -0.6 | S0-a  |     1373 |
  NGC4647                 |     1.44 |  190.885509 |   11.58221 |   5.2 | SABc  |     1487 |
  NGC4653                 |     1.36 |  190.962198 |   -0.56126 |   6.0 | SABc  |     2655 |
  PGC042868               |     1.35 |  191.014458 |   -5.67546 |   8.0 | SABd  |     1437 |
  UGC07916                |     1.36 |  191.104815 |   34.38665 |   9.9 | I     |      795 |
  PGC043020               |     1.41 |  191.422272 |   -6.07253 |   8.9 | SABm  |     1480 |
  NGC4707                 |     1.34 |   192.09555 |   51.16590 |   8.8 | Sm    |      710 |
  NGC4750                 |     1.38 | 192.5300415 |   72.87447 |   2.4 | Sab   |     1903 |
  NGC4727                 |     1.43 | 192.7383375 |  -14.33297 |   4.1 | Sbc   |     7588 |
  ESO507-025              |     1.42 | 192.8826945 |  -26.45210 |  -3.0 | E-SO  |     3142 |
  PGC043697               |     1.31 |  193.151775 |   -6.29020 |  10.0 | IAB   |     1537 |
  ESO323-025              |     1.33 |  193.160511 |  -39.02980 |   4.5 | Sc    |     4073 |
  PGC043721               |     1.31 |  193.212339 |  -41.32676 |   3.0 | SABb  |     4636 |
  NGC4756                 |     1.36 |  193.219332 |  -15.41301 |  -2.9 | E-SO  |     4041 |
  NGC4761                 |     1.43 | 193.2737835 |   -9.20391 |  -1.6 | S0    |     4251 |
  NGC4760                 |     1.41 |  193.280076 |  -10.49416 |  -4.9 | E     |     4705 |
  NGC4775                 |     1.35 |  193.440402 |   -6.62217 |   6.9 | Scd   |     1572 |
  NGC4795                 |     1.33 |  193.761969 |    8.06548 |   0.8 | SBa   |     2865 |
  NGC4814                 |     1.44 | 193.8413685 |   58.34409 |   3.1 | Sb    |     2775 |
  IC3896A                 |     1.35 |  193.877541 |  -50.07139 |   6.9 | Scd   |     1950 |
  NGC4802                 |     1.42 | 193.9567125 |  -12.05529 |  -2.1 | S0    |     1008 |
  PGC044249               |     1.36 |  194.301249 |  -32.51681 |  -2.3 | S0    |     4592 |
  NGC4832                 |     1.33 |  194.448105 |  -39.76168 |  -2.0 | S0    |     3609 |
  NGC4874                 |     1.36 |  194.898633 |   27.95934 |  -3.6 | E     |     7336 |
  NGC4880                 |     1.42 | 195.0439845 |   12.48334 |  -1.4 | S0-a  |     1463 |
  NGC4900                 |     1.33 |  195.163314 |    2.50101 |   5.2 | SBc   |     1017 |
  NGC4897                 |     1.42 |  195.220569 |  -13.44967 |   4.0 | Sbc   |     2532 |
  NGC4899                 |     1.31 | 195.2358825 |  -13.94411 |   5.0 | SABc  |     2628 |
  NGC4902                 |     1.42 | 195.2488335 |  -14.51367 |   3.0 | Sb    |     2599 |
  ESO443-024              |     1.37 | 195.2532915 |  -32.44136 |  -3.0 | E-SO  |     4997 |
  NGC4936                 |     1.46 | 196.0707045 |  -30.52623 |  -4.8 | E     |     2987 |
  ESO443-069              |     1.30 |  196.720977 |  -28.55782 |   6.0 | SBc   |     2120 |
  NGC4965                 |     1.40 |  196.789032 |  -28.22810 |   6.7 | SABc  |     2167 |
  NGC4981                 |     1.43 |  197.203041 |   -6.77747 |   4.0 | Sbc   |     1687 |
  NGC4999                 |     1.40 | 197.3880525 |    1.67308 |   3.0 | Sb    |     5686 |
  NGC4995                 |     1.39 | 197.4194985 |   -7.83324 |   3.1 | SABb  |     1747 |
  ESO508-024              |     1.33 |  197.691516 |  -23.86562 |   5.0 | SBc   |     2780 |
  NGC5012                 |     1.42 | 197.9043975 |   22.91550 |   5.1 | Sc    |     2758 |
  NGC5006                 |     1.32 |  197.940747 |  -19.26172 |  -0.8 | S0-a  |     2727 |
  NGC5020                 |     1.43 | 198.1662675 |   12.59957 |   4.0 | SABb  |     3467 |
  NGC5011                 |     1.47 | 198.2161635 |  -43.09613 |  -4.8 | E     |     2966 |
  IC4214                  |     1.47 | 199.4276715 |  -32.10165 |   1.4 | SBa   |     2197 |
  NGC5063                 |     1.30 |  199.607184 |  -35.35255 |   1.0 | Sa    |     3059 |
  NGC5077                 |     1.42 | 199.8816915 |  -12.65640 |  -4.8 | E     |     2812 |
  ESO576-032              |     1.34 | 199.9666725 |  -22.27882 |   5.8 | Sc    |     2991 |
  ESO269-085              |     1.34 | 199.9952505 |  -47.28182 |   5.0 | Sc    |     2691 |
  NGC5087                 |     1.48 | 200.1041385 |  -20.61109 |  -2.9 | E-SO  |     1758 |
  NGC5091                 |     1.33 | 200.3228925 |  -43.71925 |   3.3 | Sb    |     3399 |
  NGC5112                 |     1.48 | 200.4851325 |   38.73463 |   5.8 | SBc   |     1185 |
  NGC5111                 |     1.42 | 200.7353925 |  -12.96475 |  -2.8 | E-SO  |     5498 |
  IC4237                  |     1.33 | 201.1364415 |  -21.13680 |   3.5 | SBb   |     2601 |
  NGC5121                 |     1.33 |  201.190152 |  -37.68214 |   0.7 | Sa    |     1336 |
  NGC5134                 |     1.43 |   201.32712 |  -21.13407 |   2.9 | SABb  |     1698 |
  UGC08441                |     1.35 |   201.37155 |   57.82150 |   9.9 | I     |     1784 |
  NGC5135                 |     1.38 |  201.433353 |  -29.83347 |   2.4 | Sab   |     4006 |
  NGC5140                 |     1.37 |  201.590526 |  -33.86852 |  -3.0 | E-SO  |     3749 |
  NGC5153                 |     1.39 | 201.9762345 |  -29.61796 |  -4.9 | E     |     4206 |
  NGC5156                 |     1.40 | 202.1837085 |  -48.91681 |   3.5 | SBb   |     2804 |
  NGC5172                 |     1.38 |   202.32975 |   17.05169 |   4.7 | SABc  |     4159 |
  NGC5174                 |     1.47 | 202.3579455 |   11.00787 |   5.8 | Sc    |     6922 |
  NGC5198                 |     1.31 |  202.547541 |   46.67081 |  -4.8 | E     |     2708 |
  NGC5182                 |     1.31 |  202.671171 |  -28.15028 |   3.9 | Sbc   |     4284 |
  NGC5193                 |     1.32 | 202.9730205 |  -33.23393 |  -4.1 | E     |     3621 |
  NGC5211                 |     1.30 | 203.2723905 |   -1.03573 |   2.2 | Sab   |     3758 |
  PGC047721               |     1.34 | 203.3080545 |  -16.12128 |   4.0 | Sbc   |     2139 |
  PGC048179               |     1.34 |  204.543102 |   -9.80192 |   8.9 | SBm   |     1303 |
  NGC5219                 |     1.35 | 204.6736185 |  -45.85598 |   3.5 | Sbc   |     2374 |
  ESO445-002              |     1.44 |  204.847734 |  -30.77421 |  -3.0 | E-SO  |     4242 |
  UGC08658                |     1.32 |  205.166115 |   54.33296 |   5.0 | Sc    |     2278 |
  NGC5264                 |     1.47 | 205.4030595 |  -29.91272 |   9.7 | IB    |      383 |
  NGC5273                 |     1.36 | 205.5351345 |   35.65444 |  -1.9 | S0    |     1292 |
  NGC5266                 |     1.47 | 205.7588175 |  -48.16934 |  -2.5 | S0    |     2831 |
  NGC5292                 |     1.36 |  206.917032 |  -30.93948 |   1.8 | Sab   |     4371 |
  NGC5300                 |     1.45 | 207.0668265 |    3.95080 |   5.2 | SABc  |     1247 |
  NGC5311                 |     1.30 |  207.233601 |   39.98522 |  -0.1 | S0-a  |     2878 |
  ESO384-002              |     1.43 |   207.82875 |  -33.80790 |   8.0 | SBd   |     1278 |
  NGC5350                 |     1.43 |  208.340052 |   40.36394 |   3.6 | Sbc   |     2545 |
  ESO510-013              |     1.33 |  208.768044 |  -26.78083 |   0.7 | Sa    |     3376 |
  UGC08839                |     1.44 | 208.8544305 |   17.79487 |   9.9 | IAB   |     1096 |
  NGC5357                 |     1.34 |  208.998042 |  -30.34142 |  -4.8 | E     |     4777 |
  NGC5378                 |     1.31 | 209.2125225 |   37.79721 |   1.0 | Sa    |     3206 |
  NGC5375                 |     1.37 |  209.233353 |   29.16450 |   2.4 | SBab  |     2565 |
  NGC5383                 |     1.39 | 209.2696275 |   41.84632 |   3.1 | Sb    |     2436 |
  UGC08892                |     1.31 |    209.4213 |   57.00100 |   9.9 | I     |     2016 |
  ESO221-020              |     1.36 |  209.596086 |  -48.47607 |  -3.1 | E-SO  |     2621 |
  PGC049877               |     1.32 |   210.17445 |  -51.03660 |  10.0 | IAB   |       -  |
  NGC5430                 |     1.34 | 210.1905735 |   59.32840 |   3.1 | SBb   |     3259 |
  ESO271-010              |     1.34 |  210.193449 |  -45.41853 |   6.3 | Sc    |     1338 |
  ESO445-089              |     1.37 | 210.2665275 |  -30.32715 |   6.7 | SBcd  |     2496 |
  NGC5444                 |     1.40 | 210.8506245 |   35.13206 |  -4.1 | E     |     4204 |
  IC0971                  |     1.35 | 210.9699495 |  -10.14062 |   5.0 | Sc    |     3326 |
  ESO510-059              |     1.36 |  211.193037 |  -24.82707 |   5.9 | SBc   |     2270 |
  NGC5474                 |     1.38 |  211.256409 |   53.66224 |   6.1 | Sc    |      518 |
  NGC5468                 |     1.36 | 211.6456245 |   -5.45300 |   6.0 | SABc  |     2876 |
  ESO384-053              |     1.34 |  211.647852 |  -34.31158 |   4.4 | SABb  |     4742 |
  ESO175-001              |     1.30 |  211.668783 |  -55.35749 |   1.8 | SABa  |     3592 |
  NGC5485                 |     1.40 |  211.797273 |   55.00162 |  -2.1 | S0    |     2171 |
  ESO446-017              |     1.35 |  211.996242 |  -32.05124 |   3.3 | SBb   |     4040 |
  PGC050444               |     1.32 | 212.0283675 |   -9.07164 |   4.0 | Sbc   |    11139 |
  IC0983                  |     1.36 |  212.518356 |   17.73372 |   4.1 | SBbc  |     5588 |
  NGC5493                 |     1.34 |  212.872416 |   -5.04364 |  -2.1 | S0    |     2732 |
  ESO221-032              |     1.36 | 213.0380175 |  -49.38949 |   4.6 | Sc    |     2735 |
  NGC5494                 |     1.37 |  213.100077 |  -30.64494 |   5.0 | Sc    |     2536 |
  ESO446-031              |     1.31 | 213.3752805 |  -29.59457 |   5.9 | SBc   |     2570 |
  NGC5532                 |     1.37 |  214.220418 |   10.80780 |  -2.0 | S0    |     7523 |
  NGC5614                 |     1.39 |  216.031842 |   34.85877 |   1.7 | Sab   |     4113 |
  NGC5660                 |     1.42 | 217.4575005 |   49.62261 |   5.2 | SABc  |     2585 |
  ESO385-032              |     1.31 |  217.549851 |  -36.96435 |   4.6 | SABc  |     2722 |
  NGC5645                 |     1.30 |  217.664241 |    7.27499 |   6.6 | SBcd  |     1468 |
  NGC5669                 |     1.41 | 218.1825405 |    9.89128 |   6.0 | SABc  |     1488 |
  NGC5713                 |     1.39 |  220.047966 |   -0.28904 |   4.0 | SABb  |     2019 |
  NGC5735                 |     1.30 | 220.6385475 |   28.72641 |   3.6 | Sbc   |     3928 |
  UGC09500                |     1.40 |  221.339166 |    7.86250 |   8.8 | Sm    |     1798 |
  NGC5757                 |     1.32 |  221.943447 |  -19.07847 |   3.1 | Sb    |     2700 |
  NGC5783                 |     1.39 | 223.3655145 |   52.07655 |   5.2 | Sc    |     2601 |
  NGC5786                 |     1.38 | 224.7345315 |  -42.01333 |   4.2 | Sbc   |     2845 |
  NGC5796                 |     1.42 |  224.850093 |  -16.62387 |  -4.7 | E     |     2899 |
  PGC053595               |     1.30 |  225.100365 |  -13.55264 |   9.0 | Sm    |     2794 |
  NGC5812                 |     1.43 | 225.2320215 |   -7.45724 |  -4.8 | E     |     1954 |
  NGC5831                 |     1.35 | 226.0289565 |    1.21994 |  -4.8 | E     |     1738 |
  NGC5874                 |     1.38 |  226.965936 |   54.75277 |   5.0 | SABc  |     3406 |
  NGC5866B                |     1.37 |  228.029811 |   55.78505 |   7.9 | SABd  |     1113 |
  NGC5898                 |     1.43 | 229.5566775 |  -24.09805 |  -4.3 | E     |     2082 |
  ESO328-043              |     1.42 | 229.8233685 |  -41.23364 |   7.6 | SBd   |     1208 |
  IC4538                  |     1.40 |  230.298321 |  -23.65837 |   5.1 | SABc  |     2818 |
  NGC5957                 |     1.39 | 233.8467255 |   12.04744 |   3.0 | Sb    |     1957 |
  NGC5938                 |     1.36 | 234.1083015 |  -66.86068 |   4.3 | SBbc  |     3280 |
  NGC5962                 |     1.40 | 234.1319925 |   16.60782 |   5.1 | Sc    |     2121 |
  NGC5970                 |     1.44 | 234.6250005 |   12.18611 |   5.0 | SBc   |     2095 |
  NGC5968                 |     1.36 |  234.988338 |  -30.55279 |   2.6 | SABb  |     5386 |
  NGC5967                 |     1.38 |  237.065952 |  -75.67280 |   5.7 | Sc    |     2665 |
  ESO137-008              |     1.30 |  243.942123 |  -60.91861 |  -3.8 | E     |     3649 |
  UGC10310                |     1.41 | 244.0759485 |   47.04565 |   9.2 | Sm    |      980 |
  NGC6106                 |     1.34 |  244.696434 |    7.41013 |   5.3 | Sc    |     1572 |
  NGC6140                 |     1.32 |  245.240757 |   65.38997 |   5.6 | Sc    |     1200 |
  NGC6217                 |     1.35 |  248.163375 |   78.19819 |   4.0 | Sbc   |     1663 |
  UGC10502                |     1.30 |  249.406875 |   72.37481 |   5.3 | Sc    |     4596 |
  ESO069-009              |     1.39 |  252.064518 |  -69.13966 |   5.0 | SBc   |     4449 |
  NGC6246A                |     1.34 | 252.5582505 |   55.38467 |   5.0 | Sc    |     5548 |
  NGC6215                 |     1.42 | 252.7792935 |  -58.99314 |   4.9 | Sc    |     1361 |
  ESO138-005              |     1.36 | 253.4724765 |  -58.77812 |  -3.0 | E-SO  |     2436 |
  NGC6209                 |     1.32 |  253.739307 |  -72.58715 |   4.0 | SABb  |     5618 |
  IC4646                  |     1.44 |  260.971635 |  -59.99944 |   4.8 | Sc    |     2970 |
  UGC10862                |     1.32 |    262.0374 |    7.42260 |   5.3 | SBc   |     1812 |
  NGC6412                 |     1.33 | 262.4063295 |   75.70432 |   5.2 | SABc  |     1616 |
  ESO009-010              |     1.40 | 264.8810835 |  -85.31042 |   4.0 | Sbc   |     2147 |
  NGC6407                 |     1.39 |   266.24025 |  -60.73978 |  -2.3 | S0    |     4390 |
  NGC6482                 |     1.31 |  267.953235 |   23.07190 |  -4.9 | E     |     4102 |
  NGC6500                 |     1.32 |  268.999056 |   18.33828 |   1.7 | Sab   |     3170 |
  NGC6492                 |     1.38 |  270.701199 |  -66.43055 |   3.9 | Sbc   |     4110 |
  NGC6548                 |     1.42 | 271.4967915 |   18.58719 |  -1.9 | S0    |     2363 |
  UGC11124                |     1.35 | 271.8646905 |   35.56396 |   6.0 | SBc   |     1841 |
  IC4682                  |     1.34 | 274.1069865 |  -71.58139 |   3.9 | SBbc  |     3327 |
  NGC6654                 |     1.46 | 276.0313335 |   73.18325 |  -0.6 | S0-a  |     2127 |
  IC4704                  |     1.43 | 276.9737085 |  -71.60981 |  -3.0 | E-SO  |     4755 |
  IC4742                  |     1.32 |  280.468887 |  -63.86229 |  -4.8 | E     |     4289 |
  NGC6703                 |     1.39 |  281.828382 |   45.55053 |  -2.8 | E-SO  |     2572 |
  ESO396-007              |     1.34 |  283.592514 |  -34.61137 |   4.8 | Sc    |     5754 |
  ESO183-030              |     1.37 | 284.2328115 |  -54.54567 |  -3.3 | E-SO  |     2539 |
  IC4798                  |     1.31 |  284.587095 |  -62.11844 |  -1.8 | S0    |     4297 |
  ESO396-016              |     1.40 |  285.646968 |  -36.37173 |   5.0 | SABc  |     5175 |
  NGC6730                 |     1.34 | 286.8904185 |  -68.91281 |  -4.9 | E     |     4023 |
  NGC6753                 |     1.47 |  287.847726 |  -57.04933 |   3.0 | Sb    |     2943 |
  NGC6758                 |     1.44 | 288.4678425 |  -56.30941 |  -4.2 | E     |     3290 |
  IC4837                  |     1.35 |  288.807777 |  -54.66578 |   6.0 | SBc   |     2489 |
  IC4839                  |     1.33 |  288.891849 |  -54.62664 |   3.6 | Sbc   |     2529 |
  NGC6769                 |     1.46 | 289.5946035 |  -60.50110 |   3.0 | SABb  |     3603 |
  NGC6770                 |     1.38 |  289.655328 |  -60.49654 |   3.2 | Sb    |     3632 |
  NGC6780                 |     1.30 | 290.7118575 |  -55.77582 |   4.9 | SABc  |     3300 |
  NGC6782                 |     1.39 | 290.9911305 |  -59.92245 |   0.9 | Sa    |     3714 |
  NGC6776                 |     1.30 | 291.3295695 |  -63.86029 |  -4.2 | E     |     5279 |
  ESO594-004              |     1.46 |  292.495875 |  -17.67900 |  10.0 | IB    |      -97 |
  IC4889                  |     1.48 |  296.313267 |  -54.34422 |  -4.7 | E     |     2364 |
  PGC063654               |     1.39 |  296.643765 |  -23.13770 |   9.9 | I     |       -  |
  NGC6848                 |     1.37 |  300.696984 |  -56.09024 |   0.6 | Sa    |     4192 |
  IC4933                  |     1.32 | 300.8708895 |  -54.97999 |   4.0 | SBbc  |     4715 |
  NGC6851                 |     1.34 |  300.893274 |  -48.28454 |  -4.5 | E     |     2880 |
  NGC6854                 |     1.36 | 301.4116395 |  -54.37554 |  -3.4 | E-SO  |     5518 |
  IC4991                  |     1.46 |  304.596927 |  -41.05012 |  -2.1 | S0    |     5474 |
  ESO462-015              |     1.33 |  305.807625 |  -27.71458 |  -4.9 | E     |     5777 |
  NGC6903                 |     1.35 | 305.9370045 |  -19.32540 |  -3.3 | E-SO  |     3253 |
  NGC6902                 |     1.43 |  306.117123 |  -43.65342 |   2.3 | SBab  |     2639 |
  IC5020                  |     1.37 |  307.660224 |  -33.48563 |   3.3 | Sb    |     2976 |
  ESO186-062              |     1.36 |  308.508645 |  -52.98119 |   6.9 | SBcd  |     2338 |
  NGC6935                 |     1.34 |  309.584205 |  -52.11057 |   1.1 | SABa  |     4399 |
  NGC6937                 |     1.41 |   309.69078 |  -52.14336 |   4.1 | Sbc   |     4473 |
  NGC6942                 |     1.35 |  310.157598 |  -54.30305 |  -0.3 | S0-a  |     3075 |
  ESO597-026              |     1.33 |  310.235583 |  -20.47025 |  -3.1 | E-SO  |     8288 |
  IC5007                  |     1.36 | 310.8928995 |  -29.70395 |   6.7 | Scd   |     2620 |
  NGC6920                 |     1.36 |  310.988904 |  -80.00081 |  -2.0 | S0    |     2365 |
  NGC6962                 |     1.43 | 311.8295025 |    0.32085 |   1.7 | SABa  |     4254 |
  NGC6958                 |     1.39 | 312.1775055 |  -37.99733 |  -3.7 | E     |     2585 |
  IC5063                  |     1.43 | 313.0097055 |  -57.06885 |  -1.2 | S0-a  |     3172 |
  ESO286-010              |     1.34 |  313.587879 |  -44.06270 |   1.0 | Sa    |     5206 |
  NGC6987                 |     1.31 | 314.5430925 |  -48.63036 |  -4.8 | E     |     5045 |
  ESO107-004              |     1.32 | 315.8732985 |  -67.18141 |  -4.2 | E     |     2896 |
  NGC7002                 |     1.32 | 315.9365835 |  -49.02975 |  -4.9 | E     |     7338 |
  ESO235-055              |     1.44 |  316.480083 |  -48.20714 |   4.2 | Sbc   |     4856 |
  NGC7025                 |     1.30 |  316.947234 |   16.33575 |   1.0 | Sa    |     5090 |
  NGC7014                 |     1.31 |   316.96731 |  -47.17902 |  -4.2 | E     |     4585 |
  IC5092                  |     1.44 | 319.0603335 |  -64.46469 |   5.5 | SBc   |     3008 |
  NGC7070                 |     1.40 | 322.6055835 |  -43.08708 |   6.0 | Sc    |     2230 |
  NGC7070A                |     1.34 |   322.94712 |  -42.84770 |  -0.2 | S0-a  |     2226 |
  NGC7096                 |     1.32 |   325.33029 |  -63.90874 |   1.1 | Sa    |     2690 |
  ESO236-035              |     1.32 |   325.68195 |  -47.99060 |   6.5 | SABc  |     1779 |
  NGC7125                 |     1.47 |  327.316416 |  -60.71317 |   5.0 | SABc  |     2846 |
  NGC7135                 |     1.42 | 327.4417125 |  -34.87633 |  -2.9 | E-SO  |     2580 |
  ESO027-001              |     1.43 | 328.1101245 |  -81.53075 |   5.0 | SBc   |     2292 |
  NGC7154                 |     1.35 | 328.8376245 |  -34.81408 |   9.5 | I     |     2475 |
  NGC7155                 |     1.33 | 329.0404455 |  -49.52199 |  -2.0 | S0    |     1784 |
  ESO404-012              |     1.35 |  329.279895 |  -34.58215 |   5.1 | Sc    |     2507 |
  NGC7162A                |     1.38 |  330.148221 |  -43.14054 |   8.9 | Sm    |     2095 |
  NGC7177                 |     1.46 | 330.1718745 |   17.73811 |   2.5 | SABb  |     1258 |
  NGC7172                 |     1.44 |  330.507441 |  -31.87015 |   0.6 | Sa    |     2472 |
  NGC7174                 |     1.40 |   330.52776 |  -31.99236 |   2.5 | Sb    |     2530 |
  NGC7185                 |     1.36 | 330.7365435 |  -20.47129 |  -2.8 | E-SO  |     1714 |
  IC5157                  |     1.30 |   330.86244 |  -34.94177 |  -4.7 | E     |     4306 |
  NGC7192                 |     1.38 | 331.7088645 |  -64.31619 |  -4.0 | E     |     2715 |
  UGC11920                |     1.35 | 332.1140415 |   48.44078 |   0.3 | S0-a  |     1326 |
  NGC7221                 |     1.36 | 332.8135785 |  -30.56314 |   3.9 | Sbc   |     4231 |
  ESO288-049              |     1.36 | 332.9523075 |  -45.59041 |   7.9 | SBd   |     1779 |
  IC1438                  |     1.37 |  334.121235 |  -21.43079 |   1.2 | Sa    |     2531 |
  IC5186                  |     1.32 | 334.6939005 |  -36.80186 |   2.8 | Sb    |     4765 |
  NGC7265                 |     1.39 |  335.614458 |   36.20983 |  -2.6 | E-SO  |     5264 |
  NGC7280                 |     1.30 | 336.6147285 |   16.14787 |  -1.3 | S0-a  |     1945 |
  NGC7285                 |     1.43 |  337.155594 |  -24.84175 |   1.1 | SBa   |     4316 |
  UGC12082                |     1.43 |  338.544978 |   32.86120 |   8.8 | SABm  |      968 |
  NGC7309                 |     1.32 | 338.5856745 |  -10.35699 |   5.0 | SABc  |     3969 |
  NGC7318B                |     1.38 |  338.993334 |   33.96603 |   4.1 | SBbc  |     5937 |
  NGC7320                 |     1.41 |  339.014202 |   33.94816 |   6.6 | Scd   |      946 |
  PGC069293               |     1.38 |  339.145857 |   -2.90674 |   8.9 | Sm    |     1691 |
  ESO345-046              |     1.35 | 340.8155535 |  -39.86763 |   7.0 | Scd   |     1976 |
  NGC7371                 |     1.32 |    341.5155 |  -11.00117 |   0.0 | S0-a  |     2640 |
  NGC7421                 |     1.38 |  344.226285 |  -37.34739 |   3.7 | Sbc   |     1633 |
  NGC7417                 |     1.34 |  344.456292 |  -65.03856 |   1.9 | SBab  |     2941 |
  NGC7585                 |     1.41 |   349.50561 |   -4.65034 |  -1.1 | S0-a  |     3432 |
  NGC7619                 |     1.40 | 350.0605005 |    8.20628 |  -4.8 | E     |     3800 |
  NGC7626                 |     1.40 |  350.177166 |    8.21706 |  -4.8 | E     |     3438 |
  NGC7633                 |     1.34 | 350.7635835 |  -67.65375 |  -0.1 | S0-a  |     3485 |
  NGC7637                 |     1.32 | 351.6153615 |  -81.91183 |   5.0 | Sc    |     3433 |
  IC5325                  |     1.46 | 352.1809275 |  -41.33339 |   4.2 | Sbc   |     1315 |
  NGC7714                 |     1.34 | 354.0588285 |    2.15502 |   3.1 | Sb    |     2798 |
  UGC12709                |     1.44 | 354.3497535 |    0.39167 |   8.7 | SABm  |     2673 |
  NGC7722                 |     1.32 |  354.671673 |   15.95466 |  -0.1 | S0-a  |     4075 |
  UGC12732                |     1.44 |  355.165833 |   26.23611 |   8.7 | SABm  |      862 |
  NGC7744                 |     1.40 | 356.2467705 |  -42.90963 |  -2.6 | E-SO  |     2890 |
  UGC12776                |     1.39 |   356.55075 |   33.37036 |   3.0 | SBb   |     5084 |
  NGC7782                 |     1.39 | 358.4748735 |    7.97046 |   3.0 | Sb    |     5409 |
  NGC7796                 |     1.44 |  359.749176 |  -55.45838 |  -4.0 | E     |     3099 |